%YAML:1.0
calibration_time: "03/02/15 20:15:59"
nframes: 25
image_width: 1920
image_height: 1080
board_width: 8
board_height: 6
square_size: 1.
aspectRatio: 1.
# flags: +fix_aspectRatio+fix_principal_point+zero_tangent_dist
flags: 14
camera_matrix: !!opencv-matrix
   rows: 3
   cols: 3
   dt: d
   data: [ 1.0857752497319391e+003, 0., 9.5950000000000000e+002, 0.,
       1.0857752497319391e+003, 5.3950000000000000e+002, 0., 0., 1. ]
distortion_coefficients: !!opencv-matrix
   rows: 5
   cols: 1
   dt: d
   data: [ 1.2413336005675450e-002, 2.0990415247469896e-001, 0., 0.,
       -3.3573600828319233e-001 ]
avg_reprojection_error: 3.4655044551466246e-001
per_view_reprojection_errors: !!opencv-matrix
   rows: 25
   cols: 1
   dt: f
   data: [ 4.08536941e-001, 4.19005126e-001, 3.65412563e-001,
       2.20424607e-001, 2.75721371e-001, 1.91692725e-001,
       2.19905451e-001, 2.17670172e-001, 3.30731213e-001,
       2.19745949e-001, 2.75743783e-001, 3.30793977e-001,
       4.45227146e-001, 3.22251171e-001, 2.38100678e-001,
       3.10864866e-001, 3.72882426e-001, 2.60548055e-001,
       4.05474842e-001, 4.62031871e-001, 4.58710819e-001,
       2.97750860e-001, 6.28101170e-001, 4.01023090e-001,
       1.77757770e-001 ]
# a set of 6-tuples (rotation vector + translation vector) for each view
extrinsic_parameters: !!opencv-matrix
   rows: 25
   cols: 6
   dt: d
   data: [ -7.5824339346704150e-001, 3.3390809663943816e-001,
       1.3094908117506865e+000, 1.6489653011338181e+000,
       -3.4454224539514677e+000, 3.5862341306209977e+001,
       -7.6431581008763505e-001, 3.6386611345669234e-001,
       1.2886797447943572e+000, 1.5390490788721294e+000,
       -3.7540155846997747e+000, 3.5794188530287052e+001,
       -6.1586352519816101e-001, 1.9638334872685165e-001,
       5.3846713762362519e-001, 6.2145669709955409e-001,
       -5.9624262834803163e+000, 3.5964087297792965e+001,
       -3.6562278246668120e-002, 4.5855991740551390e-002,
       1.1878880788593117e-001, 1.9144857567168927e-001,
       -7.4902736816766842e+000, 3.2867370734440001e+001,
       3.8605189778591797e-001, 7.5743972996528547e-002,
       6.1819773398055042e-002, -7.0617417990380082e-001,
       -7.7947017172110780e+000, 3.0316126713284831e+001,
       -2.2923225591351577e-002, -3.3513786789145031e-003,
       -3.9459252951867026e-003, -8.2524081151141981e-001,
       -8.9267498416700342e+000, 3.9211686577968017e+001,
       -4.1061566578400009e-002, -3.9648050071985593e-004,
       -5.2619849009142028e-001, -2.7984670433760810e+000,
       -7.4159065201106156e+000, 3.5134016592823698e+001,
       -1.2610480126927659e-001, -7.6046939597845722e-003,
       -1.0796491935595161e+000, -3.8733410086584286e+000,
       -2.3331530106090819e+000, 3.4445441384641256e+001,
       -1.7509650128454365e-001, -8.1760188788078281e-002,
       -1.3182416682725719e+000, -5.6826258082240466e+000,
       -1.9588916910928409e+000, 3.3454421892160298e+001,
       -1.1043362545037420e-001, -1.7550417760069045e-002,
       -2.9294771520962470e-001, -2.3470933382893278e+000,
       -5.2961324301957688e+000, 3.2641554528029531e+001,
       -5.3819121866596398e-001, 1.0038557392385803e-002,
       4.2697393161701763e-002, -2.5848569288397854e+000,
       -3.5314243865825006e+000, 4.2069586236035967e+001,
       -3.0257036541228671e-001, 2.0758489897176900e-002,
       -5.4683870614520833e-002, -1.7963742270950329e+000,
       -3.6664091121413853e+000, 2.9963118066861036e+001,
       -5.5194611698597427e-002, -7.1119082757614957e-002,
       -7.2695832340676014e-001, -2.9684812486539953e+000,
       -3.8743163184248921e+000, 2.5927261471903588e+001,
       -6.8958764361456162e-002, -1.9807191344738434e-001,
       -1.3833739041852673e+000, -3.4043270177613421e+000,
       -1.0143846437931279e+000, 2.6060233453085363e+001,
       -1.7714996971183719e-001, 1.2463992324873421e-001,
       9.1587369292751053e-001, 5.3236600597170058e-001,
       -6.9837472998483650e+000, 2.8510931999630326e+001,
       -1.9262671882569635e-001, -5.3782740537430762e-002,
       6.7465462038006907e-002, -5.5268117011814928e+000,
       -4.6106445863460710e+000, 2.9932753359693013e+001,
       -4.5180051477713229e-001, -1.1257433591676880e-001,
       -1.3554897002819560e-002, -6.0772280241958638e+000,
       -3.6339938127451461e+000, 3.1866393040071269e+001,
       2.4241764654934730e-001, -9.0370349795508148e-002,
       2.3152827235112269e-001, -3.8767654139874281e+000,
       -4.2649761997468474e+000, 2.6773813307535562e+001,
       2.9970381240451072e-001, -1.5277885367927521e-001,
       9.4443915789964361e-001, 2.2886707995135689e+000,
       -5.9330216429225358e+000, 2.7858409467470910e+001,
       -3.0448929924316537e-001, 3.2604897313434533e-001,
       -1.4797640976385136e+000, 3.7392569042716808e+000,
       1.8391950259236602e+000, 3.2895463004462464e+001,
       1.6379919127561354e-001, 6.4125946978344714e-002,
       -1.5530563537260484e+000, 3.2818727173576621e+000,
       -2.2500065019448276e-001, 3.1804545892578748e+001,
       -2.4897243926532350e-001, -4.3820591773937145e-001,
       1.4060712881530677e+000, 3.2164904940698906e+000,
       -7.6416954596399655e+000, 3.0916739389378648e+001,
       6.5178036185866395e-001, -7.1100766533253101e-001,
       1.4808010109113641e+000, 3.4050994388911349e+000,
       -7.5139986536194758e+000, 2.7083416913680701e+001,
       9.8541884458552987e-003, -6.3738301556767096e-001,
       1.3544339232161524e+000, -1.8077301851957530e+000,
       -1.3063979513135351e+001, 3.0446354700032852e+001,
       -1.0196836207704930e-001, -3.7585017609404453e-001,
       1.3748267175521283e+000, -5.8421107283660145e+000,
       -1.6166138560013074e+001, 3.5077548523106842e+001 ]
