Torso Mat : 
[M11:0.1179764 M12:-0.03890678 M13:-0.9922539 M14:0] 
[M21:-0.9287143 M22:0.3494043 M23:-0.1241221 M24:0] 
[M31:0.351527 M32:0.9361639 M33:0.00508821 M34:0] 
[M41:0 M42:0 M43:0 M44:1]

World Mat : 
[M11:-0.2510713 M12:-0.9679675 M13:0.001623864 M14:0] 
[M21:-0.3059578 M22:0.08095053 M23:0.9485976 M24:0] 
[M31:-0.9183428 M32:0.2376686 M33:-0.3164816 M34:0] 
[M41:0 M42:0 M43:0 M44:1]

Human wrt World : 
[M11:0.8699156 M12:-0.3269235 M13:0.3692808 M14:0] 
[M21:0.2221819 M22:0.9282311 M23:0.2983668 M24:0] 
[M31:-0.4403208 M32:-0.1775064 M33:0.880119 M34:0] 
[M41:0 M42:0 M43:0 M44:1]

Human Torso Mat : [M11:0.1179764 M12:-0.03890678 M13:-0.9922539 M14:0] [M21:-0.9287143 M22:0.3494043 M23:-0.1241221 M24:0] [M31:0.351527 M32:0.9361639 M33:0.00508821 M34:0] [M41:0 M42:0 M43:0 M44:1]

Robot Torso Mat : [M11:0.6698477 M12:-0.1943361 M13:-0.7166153 M14:0] [M21:-0.7424983 M22:-0.176063 M23:-0.6462955 M24:0] [M31:-0.0005710125 M32:0.9650052 M33:-0.2622296 M34:0] [M41:0 M42:0 M43:0 M44:1]

World Frame wrt kinect Mat : [M11:-0.2510713 M12:-0.9679675 M13:0.001623864 M14:0] [M21:-0.3059578 M22:0.08095053 M23:0.9485976 M24:0] [M31:-0.9183428 M32:0.2376686 M33:-0.3164816 M34:0] [M41:0 M42:0 M43:0 M44:1]

Human wrt World : [M11:0.8699156 M12:-0.3269235 M13:0.3692808 M14:0] [M21:0.2221819 M22:0.9282311 M23:0.2983668 M24:0] [M31:-0.4403208 M32:-0.1775064 M33:0.880119 M34:0] [M41:0 M42:0 M43:0 M44:1], 
Axis: X:0.4374421 Y:-0.7442189 Z:-0.5047601, 
Angle: 0.5751092

Robot wrt World : [M11:0.5505338 M12:0.2207825 M13:0.8050888 M14:0] [M21:-0.2655924 M22:0.9606078 M23:-0.08181421 M24:0] [M31:-0.7914376 M32:-0.1687839 M33:0.5874852 M34:0] [M41:0 M42:0 M43:0 M44:1], 
Axis: X:0.05203922 Y:-0.9552982 Z:0.2910275, 
Angle: 0.9892539

/// Final

Human Torso Mat : 
[M11:0.1179764 M12:-0.03890678 M13:-0.9922539 M14:0] 
[M21:-0.9287143 M22:0.3494043 M23:-0.1241221 M24:0] 
[M31:0.351527 M32:0.9361639 M33:0.00508821 M34:0] 
[M41:0.4264857 M42:0.48254 M43:2.795932 M44:1]

Robot Torso Mat : 
[M11:0.6698477 M12:-0.1943361 M13:-0.7166153 M14:0] 
[M21:-0.7424983 M22:-0.176063 M23:-0.6462955 M24:0] 
[M31:-0.0005710125 M32:0.9650052 M33:-0.2622296 M34:0] 
[M41:-0.1622264 M42:-0.5105686 M43:2.058527 M44:1]

World Frame wrt kinect Mat : 
[M11:-0.2510713 M12:-0.9679675 M13:0.001623864 M14:0] 
[M21:-0.3059578 M22:0.08095053 M23:0.9485976 M24:0] 
[M31:-0.9183428 M32:0.2376686 M33:-0.3164816 M34:0] 
[M41:1.825694 M42:-0.2114711 M43:1.382137 M44:1]

Human wrt World : 
[M11:0.8699156 M12:-0.3269235 M13:0.3692808 M14:0] 
[M21:0.2221819 M22:0.9282311 M23:0.2983668 M24:0] 
[M31:-0.4403208 M32:-0.1775064 M33:0.880119 M34:0] 
[M41:1.324129 M42:1.631526 M43:1.017661 M44:1], 
ZAngle:-23.00131, Axis: X:0.4374421 Y:-0.7442189 Z:-0.5047601, Angle: 0.5751092

Robot wrt World : 
[M11:0.5505338 M12:0.2207825 M13:0.8050888 M14:0] 
[M21:-0.2655924 M22:0.9606078 M23:-0.08181421 M24:0] 
[M31:-0.7914376 M32:-0.1687839 M33:0.5874852 M34:0] 
[M41:1.216938 M42:0.5056343 M43:0.5244429 M44:1], 
ZAngle:-55.63499, Axis: X:0.05203922 Y:-0.9552982 Z:0.2910275, Angle: 0.9892539