%YAML:1.0
calibration_time: "03/02/15 19:35:27"
nframes: 25
image_width: 1920
image_height: 1080
board_width: 8
board_height: 6
square_size: 50.
aspectRatio: 1.
# flags: +fix_aspectRatio+fix_principal_point+zero_tangent_dist
flags: 14
camera_matrix: !!opencv-matrix
   rows: 3
   cols: 3
   dt: d
   data: [ 1.1015435070438095e+003, 0., 9.5950000000000000e+002, 0.,
       1.1015435070438095e+003, 5.3950000000000000e+002, 0., 0., 1. ]
distortion_coefficients: !!opencv-matrix
   rows: 5
   cols: 1
   dt: d
   data: [ -1.2129478530277350e-001, 5.6796407206261241e+000, 0., 0.,
       -4.7187164682077224e+001 ]
avg_reprojection_error: 6.5394583449795662e-001
per_view_reprojection_errors: !!opencv-matrix
   rows: 25
   cols: 1
   dt: f
   data: [ 2.62348294e-001, 2.65019298e-001, 3.97750467e-001,
       1.46546721e+000, 1.59574652e+000, 3.05073678e-001,
       3.90055895e-001, 5.64801753e-001, 7.02497065e-001,
       6.73673689e-001, 6.57295287e-001, 6.26173258e-001,
       5.90645611e-001, 4.81240362e-001, 4.71296191e-001,
       5.31076670e-001, 5.83416760e-001, 6.65132701e-001,
       6.80394471e-001, 6.60790324e-001, 5.63507318e-001,
       3.67179483e-001, 2.56097883e-001, 1.62201107e-001,
       2.30100930e-001 ]
# a set of 6-tuples (rotation vector + translation vector) for each view
extrinsic_parameters: !!opencv-matrix
   rows: 25
   cols: 6
   dt: d
   data: [ -1.5107924063969796e-001, 1.0516245757161988e-001,
       -7.0356320755502000e-001, -3.1932997302202352e+002,
       -1.8139891636264775e+002, 1.6391607517147286e+003,
       -2.0889930618028874e-001, 1.5702903582212710e-001,
       -5.4050439959515817e-001, -3.0100988843281124e+002,
       -2.1263452389453056e+002, 1.6355195642167196e+003,
       -2.9051356447099352e-001, 3.1353638792374294e-001,
       1.9217281361248473e-001, -2.2346982816278401e+002,
       -3.2507211682796833e+002, 1.6291080256019636e+003,
       -1.1215793239471300e-001, 6.0368285489552594e-002,
       -2.3009092620698068e-001, -2.4839807278378569e+002,
       -2.9020922971789565e+002, 1.5565524109390476e+003,
       1.1348141330625780e-001, 8.6210651176322650e-002,
       -9.2197317824734482e-001, -3.1699759372856221e+002,
       -1.8472032217481268e+002, 1.4991186905890656e+003,
       -2.6795506355997706e-001, -2.0336580246072616e-001,
       1.3759991727306964e+000, -7.9813378767071598e+001,
       -3.2396561982251387e+002, 1.5031516438370575e+003,
       -1.7424015389562741e-001, 3.1209771329624381e-001,
       -8.5791191631999064e-001, -1.6720539510642311e+002,
       -6.2293678847306090e+001, 1.4819237132822379e+003,
       -7.3854025209760255e-001, 5.1005483272126073e-001,
       -3.8916048637324413e-001, 7.9803798662976408e+000,
       -4.7164285532846954e+001, 1.5823376849728384e+003,
       -8.9824344945602341e-001, 6.6934102900507397e-001,
       -2.7653759901992592e-001, 1.1509668298203216e+001,
       -4.4013052424204922e+001, 1.5886739149038240e+003,
       -9.4527725447534583e-001, 7.0463925692011642e-001,
       7.9370614533502837e-001, 1.2012426898327155e+002,
       -4.9329964687617718e+001, 1.5050567559291285e+003,
       -9.1282463607440967e-001, 7.0814816330381758e-001,
       1.0037772148349096e+000, 1.0769412739944165e+002,
       -9.0485929957279907e+001, 1.5107334487758808e+003,
       -8.3876528486356960e-001, 6.4846782938618042e-001,
       1.2964288099147256e+000, 1.0518527833958427e+002,
       -1.3969480195874908e+002, 1.5111561258049910e+003,
       -5.7553533316576355e-001, -7.5307629638496243e-001,
       -1.1895960065537359e+000, -2.3461634648353012e+002,
       -7.1892531116813396e+000, 1.2855124798118964e+003,
       -3.8320534302291720e-001, -5.2025251730315480e-001,
       -8.5370069891908562e-001, -2.5492962939203156e+002,
       -1.2811196110511116e+001, 1.3098424777427033e+003,
       -3.5741314814242342e-001, -4.3432152404012442e-001,
       -6.3510779838345632e-001, -2.6601786884669895e+002,
       -6.0028655578700395e+001, 1.3419260705356162e+003,
       -3.8065367456622157e-001, -5.0144510200115877e-001,
       -3.5289939947120269e-001, -2.5969615241939516e+002,
       -1.9590563733156159e+002, 1.3563847134428183e+003,
       -4.3119067997032212e-001, -6.5469376200363416e-001,
       -7.1720950860721455e-001, -3.0911771425246218e+002,
       -1.2333739474683496e+002, 1.2869436987580830e+003,
       -5.0621623360387513e-001, -7.1158625949709409e-001,
       -9.3213906669302737e-001, -3.2968304590845190e+002,
       -8.4894511270574768e+001, 1.2602977794965632e+003,
       -6.0839631642252323e-001, -7.9861811239596692e-001,
       -1.2487279411719625e+000, -3.3458939804902661e+002,
       -3.0126764582198660e+001, 1.2134300199079505e+003,
       -7.6531320035962525e-001, 2.6890359950391496e-001,
       3.2921009591772638e-001, -1.7822991493625847e+002,
       -1.7911877183497307e+002, 1.4561930396282030e+003,
       -7.0149925503929256e-001, 2.6672552165820512e-001,
       3.0599635359011329e-001, -1.7565331405793100e+002,
       -1.7949873513053001e+002, 1.4444327451339041e+003,
       -3.2132505794778377e-001, 3.0438234394273744e-001,
       2.1314545608988456e-001, -1.9087751263728364e+002,
       -2.0596757727674031e+002, 1.4103434867779681e+003,
       -4.9031181294811564e-002, 2.6566588576514788e-001,
       8.4759946877680237e-002, -1.9020374922183507e+002,
       -2.1229693505551893e+002, 1.3729187294423289e+003,
       -4.0468806804972599e-002, 1.1119808568562487e-002,
       -8.9180530558714485e-003, -1.3878679519779340e+002,
       -1.9315677814283740e+002, 1.3553105276963338e+003,
       -5.4782805940295186e-003, -3.8074504412437364e-002,
       -1.9112598683406506e-002, -5.9414976116672811e+001,
       -1.7261398960320594e+002, 1.3513985044011993e+003 ]
