%YAML:1.0
calibration_time: "03/02/15 19:54:25"
nframes: 25
image_width: 1920
image_height: 1080
board_width: 8
board_height: 6
square_size: 50.
# flags: +fix_principal_point+zero_tangent_dist
flags: 12
camera_matrix: !!opencv-matrix
   rows: 3
   cols: 3
   dt: d
   data: [ 1.0746218000660053e+003, 0., 9.5950000000000000e+002, 0.,
       1.0741263060118217e+003, 5.3950000000000000e+002, 0., 0., 1. ]
distortion_coefficients: !!opencv-matrix
   rows: 5
   cols: 1
   dt: d
   data: [ -1.4902214426611552e-002, 5.6622312713646694e-001, 0., 0.,
       -1.2203476353885998e+000 ]
avg_reprojection_error: 9.0110431468980412e-001
per_view_reprojection_errors: !!opencv-matrix
   rows: 25
   cols: 1
   dt: f
   data: [ 4.66025203e-001, 4.66539741e-001, 4.58306551e-001,
       4.75059777e-001, 2.67349899e-001, 4.28393155e-001,
       3.14486802e-001, 2.84298182e-001, 4.82236445e-001,
       3.05432469e-001, 3.35182428e-001, 5.68108082e-001,
       5.46076000e-001, 1.04922736e+000, 3.78550678e-001,
       5.15386879e-001, 2.52573282e-001, 4.91390914e-001,
       6.35903478e-001, 6.17893100e-001, 6.46314561e-001,
       3.73752785e+000, 5.96067429e-001, 5.79763353e-001,
       5.05783379e-001 ]
# a set of 6-tuples (rotation vector + translation vector) for each view
extrinsic_parameters: !!opencv-matrix
   rows: 25
   cols: 6
   dt: d
   data: [ -4.3028002664227527e-001, -9.8557558900581299e-001,
       -1.5326564049020353e+000, -3.5570276633065924e+002,
       2.0844543242403665e+002, 1.4260744689431915e+003,
       -3.9858731965499683e-001, -1.0015625930607419e+000,
       -1.5398306762818847e+000, -3.5695995606638951e+002,
       2.0202387628464894e+002, 1.4285688788794212e+003,
       -6.4470134852241412e-001, -6.8704866567624334e-001,
       -1.2260837474163606e+000, -2.2488948101092717e+002,
       1.8479188313386362e+002, 1.5094695044663929e+003,
       -5.7666724787752344e-001, -6.8423051958919090e-001,
       -1.0193348289447994e+000, -1.8483019964662344e+002,
       1.2230264953602526e+002, 1.5554976735815812e+003,
       -1.1509959901339298e-001, -5.6169594938215928e-001,
       -1.5156744973645448e+000, -2.6823461240627296e+002,
       2.2774884639863163e+002, 1.4117643664114091e+003,
       -3.1592862615456691e-001, -5.2817799046944447e-001,
       -1.4153406048089510e+000, -1.7373101236727982e+002,
       2.0928520409912215e+002, 1.3946769269405729e+003,
       -4.4120594806344010e-001, 2.8971136704258382e-001,
       1.4039457359406118e+000, 2.5923879233229377e+002,
       -8.9110652569326362e+001, 1.5874718527100642e+003,
       -2.9818386062193636e-001, 8.2846597157727533e-002,
       2.7737742193770132e-001, 6.1912843496144824e+001,
       -1.4927127782269005e+002, 1.6389250967098264e+003,
       -1.1532276073467559e-001, -1.1843538776414628e-001,
       -4.9553858761624336e-001, -1.2298602907981724e+002,
       -4.3758990286965094e+001, 1.5808883997764815e+003,
       -1.9660507355507068e-001, -7.6341066674419561e-002,
       -7.6719213647418505e-001, -3.5646041143690337e+002,
       -3.2091609424833088e+001, 1.6191828507896657e+003,
       -2.3380484376574953e-001, 1.9135466484043112e-001,
       -1.3966875318128505e-002, -3.9571832765949580e+002,
       -6.2000668943738340e+001, 1.7088820298410653e+003,
       -3.9073765432537527e-001, 4.3545439525968821e-001,
       6.4864685959272739e-001, -3.0701037459677480e+002,
       -1.6440461637321084e+002, 1.7769520238797661e+003,
       -6.2410148232107765e-001, 6.8394232022145940e-001,
       1.4418702660538529e+000, -4.6502378376688371e+000,
       -1.5041656729309895e+002, 1.5752274621907127e+003,
       -5.9500379086879529e-001, 5.8140534161734281e-001,
       1.1563070775440232e+000, 1.6200078215708385e+002,
       -1.6268199538640565e+002, 1.0389042449673677e+003,
       -2.6933783658206908e-002, 1.2537276011187531e-001,
       -1.3550574582979516e-001, -5.0345893187699190e+001,
       -2.5505218374116649e+002, 8.5315293849138777e+002,
       9.7741314218291742e-002, 7.5638581390131895e-002,
       -3.6880274246623479e-001, -6.7384899115295383e+001,
       -2.1191567063330930e+002, 8.6420906765391862e+002,
       6.9265109663494862e-002, -3.7592456256807842e-002,
       -4.0149140440336467e-001, -9.4421822040221500e+001,
       -1.4486511445718946e+002, 1.1673680118743032e+003,
       -9.4793301942346544e-002, 1.1611707407915874e-001,
       -3.0651398156397108e-001, -2.1970665316052037e+002,
       -7.6397001847806877e+001, 1.5259903505584202e+003,
       -5.9391113530464079e-001, 6.6417688281778176e-001,
       3.9585074059360736e-001, -2.3848508474624461e+002,
       -4.3653768914177363e+001, 1.6449905171002299e+003,
       -1.0696121355583104e+000, 6.9540027027228213e-001,
       1.1747601630178128e+000, -7.7513360040517284e+001,
       1.4980252925709809e+002, 1.6266164064261995e+003,
       -1.0755791941337434e+000, 7.6533373368333624e-001,
       1.1942071324783097e+000, -5.7694721981559084e+001,
       1.6896439470836552e+002, 1.6209719023531663e+003,
       -7.9638819632704283e-001, -1.2175237820498759e+000,
       -1.0158442293693317e+000, -2.3612306269850785e+002,
       1.7691027288255214e+002, 1.2479432228271796e+003,
       -6.8465877316061596e-001, -9.6219741088507693e-001,
       -1.1784959113825475e+000, -2.2059075306218296e+002,
       1.8906380001420553e+002, 1.2919642987533789e+003,
       -6.7260874945944238e-001, -9.0089930256238637e-001,
       -1.1778481930679385e+000, -2.1312992702470569e+002,
       1.8517153390800476e+002, 1.3014502509699410e+003,
       -6.3891984346843034e-001, -7.8852576960947873e-001,
       -1.3822872895571936e+000, -8.9920871073409572e+001,
       2.3445684858022744e+002, 1.3206219101475210e+003 ]
